107283
108338
109429
112437
115746
116379
121948
122158
122466
122974
132504
133439
133810
133968
134812
135054
136811
137070
139285
141335
141391
141398
141401
141405
141411
141417
141421
141422
141427
141428
141431
141434
141439
141450
141458
141459
141464
141470
141488
141508
141516
141518
141523
141531
141553
141555
143084
143632
146307
146788
150418
151208
152605
152610
154178
156190
159237
160508
160510
160511
160512
160518
160527
160528
160531
160534
160535
160538
160541
160545
160552
160553
160556
160558
160559
160569
160570
160575
160587
160588
160589
160592
160598
160599
160600
160601
160604
160610
160619
160632
160635
160639
160640
160641
160642
160645
160651
160653
160655
160665
160666
160667
160669
160673
160674
160758
160976
161550
162332
164359
164360
166402
171617
171619
171623
177282
178829
178831
178832
178833
178835
178836
178839
178842
178843
178854
178857
178858
178860
178861
178863
178866
178871
178873
178874
178876
178879
178881
178882
178884
178886
178889
178895
178896
178908
178909
178910
178912
178916
178920
178921
178922
178925
178927
178928
178929
178930
178931
178933
178934
178939
178945
178946
178947
178948
178951
178952
178953
178954
178956
178959
178961
178962
178963
178964
178966
178969
178970
178972
178975
178977
178981
178982
178983
178984
178985
178986
178987
178989
178990
178992
178993
178994
178996
179587
191923
193726
195866
196358
197438
198783
204351
204352
204353
204354
204355
204356
204357
204358
204359
204360
204361
204363
204364
204366
204367
204368
204369
204370
204371
204372
204373
204374
204375
204376
204377
204378
204379
204380
204381
204382
204383
204385
204386
204387
204388
204389
204390
204391
204392
204393
204394
204395
204396
204397
204398
204399
204400
204404
204405
204406
204408
204409
204410
204411
204412
204414
204415
204416
204418
204419
204421
204422
204423
204425
204426
204427
204428
204429
204430
204433
204434
204435
204436
204437
204438
204439
204440
204441
204442
204444
204446
204447
204448
204449
204450
204451
204452
204453
204454
204455
204456
204457
204458
204459
204460
204461
204462
204463
204464
204465
204466
204467
204468
204471
204472
204473
204474
204475
204476
204477
204478
204479
204481
204482
204483
204484
204485
204486
204487
204488
204490
204491
204492
204494
204495
204496
204497
204498
204499
204500
204501
204502
204503
204505
204506
204507
204508
204509
204510
204511
204512
204513
204514
204515
204516
204517
204518
204519
204520
204521
204522
204523
204524
204525
204526
204527
204528
204530
204531
204532
204533
204534
204535
204536
204537
204538
204541
204542
204543
204544
204545
204546
204547
204548
204549
204550
204552
204553
204554
204555
204557
204558
204559
204560
204561
204562
204565
204566
204567
204569
204570
204571
204572
204573
204575
204576
205476
205535
205548
205550
205863
205865
206231
207176
207309
209189
211866
212504
212625
66179
66828
67138
68720
69871
72442
73433
73441
73460
73466
73482
73486
73531
73586
73604
73696
73701
73772
73788
73801
73808
73891
73943
74043
74052
74057
74060
74075
74079
74090
74156
74158
74159
74160
74161
74200
74262
74270
74283
74299
74305
74317
74319
74352
74356
74366
74371
74376
74383
74398
74400
74419
74439
74459
74467
74471
74478
74537
74554
74574
74585
74646
74655
74693
74749
74784
74848
75431
76874
81055
81297
90201
92102
92346
92699
92776
93083
98057
